Principal component analysis results

PCA loadings
                            PC1         PC2          PC3         PC4         PC5         PC6
X5m_mean_00s_bio1  -0.250987367 -0.32358510  0.043440580  0.02422397 -0.22414583  0.04657084
X5m_mean_00s_bio10 -0.181448139 -0.41894005 -0.044611061  0.16993735 -0.25633997 -0.22265403
X5m_mean_00s_bio11 -0.290401671 -0.21848612  0.088789259 -0.10347505 -0.22367600  0.22885712
X5m_mean_00s_bio12 -0.320162544  0.01274314 -0.085816077  0.12445268  0.28680946  0.01650519
X5m_mean_00s_bio13 -0.310706361 -0.11697134 -0.078390423 -0.03154022  0.39147146 -0.05218724
X5m_mean_00s_bio14 -0.305700876  0.12945153 -0.060025931  0.29681410  0.16406994  0.04555216
X5m_mean_00s_bio15  0.066615453 -0.43290766 -0.014077608 -0.65585278  0.34665238 -0.21233894
X5m_mean_00s_bio16 -0.314153965 -0.09178653 -0.086698515 -0.03015978  0.38123996 -0.04900884
X5m_mean_00s_bio17 -0.308573110  0.11325453 -0.068574422  0.28371571  0.18216397  0.06259061
X5m_mean_00s_bio2   0.259101148 -0.27634615  0.201872077  0.19578733  0.22264142  0.41615518
X5m_mean_00s_bio3  -0.092340907  0.01906054  0.933532938  0.10734982  0.10580509 -0.28496945
X5m_mean_00s_bio4   0.275704288 -0.18205003 -0.214832540  0.41198485  0.07657237 -0.68571855
X5m_mean_00s_bio5  -0.001465798 -0.50581481 -0.013808338  0.24682466 -0.14319049  0.18629217
X5m_mean_00s_bio6  -0.318358188 -0.04585588 -0.011252542 -0.10002639 -0.36330309 -0.15091359
X5m_mean_00s_bio7   0.275460301 -0.25487028  0.001735501  0.23061352  0.23189139  0.23941643
                            PC7          PC8          PC9         PC10        PC11         PC12
X5m_mean_00s_bio1  -0.431494728 -0.143870975  0.121952691 -0.274223926  0.68526663 -0.082274002
X5m_mean_00s_bio10 -0.308785053  0.016524565 -0.116228248  0.238793686 -0.39486215  0.050370244
X5m_mean_00s_bio11 -0.239312041 -0.048336278 -0.082059800  0.126681608 -0.39610314  0.042613160
X5m_mean_00s_bio12  0.065398013 -0.067254800 -0.715466666 -0.156589506  0.04317455 -0.437612766
X5m_mean_00s_bio13 -0.029085997  0.086959649  0.504541175 -0.555103895 -0.34181417 -0.110787589
X5m_mean_00s_bio14  0.014589341  0.026767371  0.411222083  0.638681489  0.15929657 -0.373264640
X5m_mean_00s_bio15  0.067627607  0.015441204 -0.012993575  0.267557361  0.07339467 -0.231763151
X5m_mean_00s_bio16  0.048391013  0.001252597 -0.105832370  0.173240860  0.21062715  0.760941853
X5m_mean_00s_bio17  0.009560150  0.038178849 -0.075892588 -0.022744089 -0.05803567  0.111587657
X5m_mean_00s_bio2  -0.153329807  0.720868707 -0.076496260  0.014826702  0.06478593 -0.012687518
X5m_mean_00s_bio3   0.071246558 -0.101917792 -0.003080900 -0.006125294 -0.01208255  0.004546341
X5m_mean_00s_bio4  -0.067858848  0.141902032 -0.020118800 -0.052620008  0.04927252 -0.009029566
X5m_mean_00s_bio5   0.652903041 -0.175219900  0.068134095 -0.049425348  0.03504082  0.002015885
X5m_mean_00s_bio6   0.435168740  0.412497443  0.004218883 -0.056070502  0.09350616 -0.012300309
X5m_mean_00s_bio7   0.002525121 -0.459522699  0.035661987  0.020647544 -0.06048557  0.012475098
                            PC13         PC14          PC15
X5m_mean_00s_bio1   0.0132594403  0.062617678  9.652667e-05
X5m_mean_00s_bio10 -0.5662981255  0.010596014 -3.829824e-04
X5m_mean_00s_bio11  0.7055464299 -0.089640563  2.691225e-04
X5m_mean_00s_bio12 -0.0291776406 -0.229162240  1.712392e-04
X5m_mean_00s_bio13 -0.0674026398 -0.147992236  5.134948e-04
X5m_mean_00s_bio14  0.0342979878 -0.158960311 -5.337846e-05
X5m_mean_00s_bio15  0.0421857910  0.274058946 -1.258486e-04
X5m_mean_00s_bio16 -0.0026615328 -0.264103782 -4.094978e-04
X5m_mean_00s_bio17  0.0669509395  0.861120929 -2.632552e-04
X5m_mean_00s_bio2  -0.0203211815 -0.025604401 -3.087676e-04
X5m_mean_00s_bio3   0.0034272520  0.003331044  2.381672e-05
X5m_mean_00s_bio4   0.4091551103 -0.032485077  7.858197e-05
X5m_mean_00s_bio5   0.0215737748  0.005847592 -4.025255e-01
X5m_mean_00s_bio6   0.0140300947 -0.005406516  5.998674e-01
X5m_mean_00s_bio7  -0.0001669889  0.008494199  6.914705e-01


PCA summary
                             PC1       PC2        PC3        PC4        PC5         PC6
Standard deviation     3.0687713 1.9315919 1.01975948 0.73362610 0.45827507 0.205013130
Proportion of Variance 0.6278238 0.2487365 0.06932729 0.03588048 0.01400107 0.002802026
Cumulative Proportion  0.6278238 0.8765603 0.94588760 0.98176808 0.99576915 0.998571175
                               PC7          PC8          PC9         PC10         PC11
Standard deviation     0.123765747 0.0585691425 3.575707e-02 2.372544e-02 1.967483e-02
Proportion of Variance 0.001021197 0.0002286896 8.523787e-05 3.752644e-05 2.580658e-05
Cumulative Proportion  0.999592373 0.9998210622 9.999063e-01 9.999438e-01 9.999696e-01
                               PC12         PC13         PC14         PC15
Standard deviation     1.430935e-02 1.137742e-02 1.053391e-02 3.215200e-03
Proportion of Variance 1.365049e-05 8.629706e-06 7.397552e-06 6.891674e-07
Cumulative Proportion  9.999833e-01 9.999919e-01 9.999993e-01 1.000000e+00
