Principal component analysis results

PCA loadings
                            PC1         PC2         PC3         PC4         PC5         PC6
X5m_mean_00s_bio1  -0.206663266 -0.37607835  0.18215367  0.03774486 -0.18704432 -0.02384374
X5m_mean_00s_bio10 -0.117617685 -0.45947256  0.09487883  0.18456823 -0.20105584  0.26589756
X5m_mean_00s_bio11 -0.268616668 -0.25889561  0.21303138 -0.12405658 -0.20445051 -0.21104778
X5m_mean_00s_bio12 -0.322107363 -0.01109791 -0.10131682  0.14246501  0.25555756 -0.04142840
X5m_mean_00s_bio13 -0.304615205 -0.15005273 -0.08511370 -0.01172947  0.43829790  0.01037865
X5m_mean_00s_bio14 -0.312094453  0.10185186 -0.08087863  0.30311643  0.09832509 -0.06780986
X5m_mean_00s_bio15  0.154752649 -0.37725523  0.02505369 -0.60644005  0.42132533  0.18728171
X5m_mean_00s_bio16 -0.310220802 -0.12288873 -0.09907655 -0.01707202  0.41025096  0.02329983
X5m_mean_00s_bio17 -0.314210849  0.08655054 -0.08887211  0.29377905  0.11471414 -0.08423622
X5m_mean_00s_bio2   0.300547715 -0.16383580  0.12933614  0.21195715  0.18035106 -0.39663881
X5m_mean_00s_bio3   0.009066743  0.21344212  0.89027647  0.16332312  0.27261000  0.21470565
X5m_mean_00s_bio4   0.272022174 -0.19681717 -0.20955950  0.44106955  0.07657054  0.65963265
X5m_mean_00s_bio5   0.083431543 -0.47594554  0.08583463  0.21315017 -0.08654585 -0.26236885
X5m_mean_00s_bio6  -0.315711512 -0.08432846  0.09338203 -0.13909729 -0.31135372  0.19590901
X5m_mean_00s_bio7   0.295633846 -0.19422675 -0.02682886  0.22697056  0.19897517 -0.29883054
                            PC7          PC8         PC9         PC10         PC11         PC12
X5m_mean_00s_bio1   0.434775950 -0.023559529  0.12518654 -0.218706216  0.699690693  0.045047089
X5m_mean_00s_bio10  0.232226397  0.001551421 -0.11250909  0.240061469 -0.400000122  0.008779391
X5m_mean_00s_bio11  0.225236667 -0.070462858 -0.08730440  0.070445292 -0.440650179 -0.064895778
X5m_mean_00s_bio12 -0.059671697 -0.179847518 -0.70451367 -0.175452078  0.068808558  0.424737428
X5m_mean_00s_bio13  0.034368973  0.234251922  0.45071940 -0.555120586 -0.297421325  0.092162555
X5m_mean_00s_bio14 -0.019501126  0.037168015  0.41249177  0.613875445  0.100478841  0.425183419
X5m_mean_00s_bio15 -0.055936352 -0.026297494 -0.01743649  0.268033388  0.077225622  0.286694317
X5m_mean_00s_bio16 -0.050591581 -0.025557396 -0.10615284  0.280190084  0.173410996 -0.729927060
X5m_mean_00s_bio17 -0.016624720 -0.001754728 -0.06967590 -0.006598006 -0.021420536 -0.088515312
X5m_mean_00s_bio2   0.088658073  0.746416280 -0.22978046  0.108058191  0.034015633  0.018963686
X5m_mean_00s_bio3  -0.073565550 -0.093885864  0.01316160 -0.013965147 -0.006819932 -0.005289715
X5m_mean_00s_bio4   0.001220395  0.081019528 -0.02718286 -0.068238251  0.027339469 -0.020374797
X5m_mean_00s_bio5  -0.644310341 -0.212434764  0.11298690 -0.075719767  0.052958819 -0.008415409
X5m_mean_00s_bio6  -0.513762303  0.357819823 -0.04544489 -0.028703057  0.097161953  0.010963646
X5m_mean_00s_bio7   0.053488953 -0.398559430  0.09716672 -0.017687987 -0.047750235 -0.013769574
                           PC13          PC14          PC15
X5m_mean_00s_bio1  -0.007332726  0.0309399393  1.498580e-04
X5m_mean_00s_bio10  0.570248934 -0.1066691519  1.498745e-04
X5m_mean_00s_bio11 -0.662181860  0.0924894191 -4.997201e-04
X5m_mean_00s_bio12 -0.035293090 -0.2216425204  1.911889e-04
X5m_mean_00s_bio13  0.057097927 -0.1323745371  6.806959e-04
X5m_mean_00s_bio14 -0.133701946 -0.1484213143 -1.259177e-04
X5m_mean_00s_bio15 -0.006712956  0.2976146047 -3.301123e-04
X5m_mean_00s_bio16 -0.035458571 -0.2293362708 -3.796471e-04
X5m_mean_00s_bio17  0.147843116  0.8625495055 -5.708511e-04
X5m_mean_00s_bio2  -0.017809235 -0.0043275634 -8.101784e-04
X5m_mean_00s_bio3   0.003004748  0.0008203614  7.775505e-05
X5m_mean_00s_bio4  -0.435352852  0.0719393815 -3.856732e-04
X5m_mean_00s_bio5  -0.003805709 -0.0031763131 -3.946175e-01
X5m_mean_00s_bio6  -0.024377456  0.0060204322  5.698756e-01
X5m_mean_00s_bio7   0.016388255 -0.0055290784  7.207750e-01


PCA summary
                             PC1       PC2        PC3        PC4        PC5         PC6
Standard deviation     3.0493839 1.9864346 0.99759016 0.69184398 0.45795360 0.219531993
Proportion of Variance 0.6199161 0.2630615 0.06634574 0.03190987 0.01398143 0.003212953
Cumulative Proportion  0.6199161 0.8829776 0.94932337 0.98123324 0.99521468 0.998427629
                               PC7          PC8          PC9         PC10         PC11
Standard deviation     0.132804891 0.0492204032 0.0403268387 2.591947e-02 2.482838e-02
Proportion of Variance 0.001175809 0.0001615099 0.0001084169 4.478794e-05 4.109655e-05
Cumulative Proportion  0.999603438 0.9997649477 0.9998733646 9.999182e-01 9.999592e-01
                               PC12         PC13         PC14         PC15
Standard deviation     1.689518e-02 0.0134322202 1.154330e-02 3.484805e-03
Proportion of Variance 1.902981e-05 0.0000120283 8.883188e-06 8.095910e-07
Cumulative Proportion  9.999783e-01 0.9999903072 9.999992e-01 1.000000e+00
