Principal component analysis results

PCA loadings
                            PC1          PC2         PC3         PC4        PC5         PC6
X5m_mean_00s_bio1   0.288462256 -0.163796518 -0.14634995 -0.11705514 -0.1700134 -0.08549227
X5m_mean_00s_bio10  0.246703698 -0.323515375 -0.03436724 -0.32885651 -0.1508021  0.18398584
X5m_mean_00s_bio11  0.298306292 -0.044128317 -0.19587980 -0.02499150 -0.1966068 -0.18172238
X5m_mean_00s_bio12  0.297845057 -0.007465626  0.20836835  0.04674116  0.2404432 -0.11427039
X5m_mean_00s_bio13  0.281063480 -0.169097209  0.26330568  0.18585587  0.1697691 -0.02864447
X5m_mean_00s_bio14  0.289169632  0.121447982  0.18966320 -0.14643722  0.3245103 -0.06439031
X5m_mean_00s_bio15  0.003776632 -0.536486101  0.18811838  0.62977625 -0.2499475  0.10525151
X5m_mean_00s_bio16  0.284558300 -0.144895697  0.26541855  0.18619320  0.1781497 -0.05810647
X5m_mean_00s_bio17  0.291633273  0.108208101  0.18209208 -0.12119585  0.3109599 -0.09670466
X5m_mean_00s_bio2  -0.170843271 -0.391521751 -0.47983681  0.06687684  0.4438232 -0.46114388
X5m_mean_00s_bio3   0.250290678  0.113027844 -0.53729352  0.29611562  0.3585263  0.63198342
X5m_mean_00s_bio4  -0.258022720 -0.244874422  0.29841165 -0.27676998  0.1967107  0.51257916
X5m_mean_00s_bio5   0.201786051 -0.409447730 -0.15944612 -0.40399752 -0.1097287  0.08076615
X5m_mean_00s_bio6   0.299828756  0.033365507 -0.12443139 -0.07023109 -0.2730727  0.05082908
X5m_mean_00s_bio7  -0.246072379 -0.328408478  0.04935394 -0.19098810  0.2757300 -0.00927329
                             PC7          PC8          PC9        PC10         PC11         PC12
X5m_mean_00s_bio1   0.3955202007 -0.280188796  0.378413782  0.63666578  0.113742559 -0.088244331
X5m_mean_00s_bio10  0.4886585320  0.122951653 -0.187255429 -0.38655068  0.071027144  0.383202646
X5m_mean_00s_bio11  0.2095018639 -0.153099114 -0.204030076 -0.31895201 -0.283349909 -0.522281083
X5m_mean_00s_bio12 -0.0628594754 -0.003056662  0.702037362 -0.34796188 -0.004786754 -0.030505076
X5m_mean_00s_bio13 -0.0320427713  0.054544404 -0.375189089  0.12916399  0.684431223 -0.227967274
X5m_mean_00s_bio14 -0.0092577888 -0.024239802 -0.320261606  0.37827319 -0.518996824  0.263338797
X5m_mean_00s_bio15 -0.0510188139 -0.019472323 -0.033136623  0.05194202 -0.358251927 -0.062261689
X5m_mean_00s_bio16 -0.0009276251  0.017847498  0.073704838 -0.06786100  0.017112976  0.404242422
X5m_mean_00s_bio17 -0.0157825173  0.042206715 -0.094572551 -0.09163884 -0.139080180 -0.405082870
X5m_mean_00s_bio2   0.0938778159  0.400810998  0.010407201  0.05390525 -0.023999848  0.004747899
X5m_mean_00s_bio3  -0.0131561653 -0.137560239  0.003053238 -0.02980548  0.012301606  0.006968535
X5m_mean_00s_bio4   0.1848295962  0.355922018  0.148009243  0.14139267 -0.121163915 -0.344735987
X5m_mean_00s_bio5  -0.6495833277 -0.074740710  0.012240640  0.03290913  0.001935508 -0.005337528
X5m_mean_00s_bio6  -0.2833858662  0.434855720  0.052529992  0.10169907 -0.013078273 -0.004103038
X5m_mean_00s_bio7  -0.0869183199 -0.613146187 -0.059256448 -0.10835563  0.018452368  0.002065959
                           PC13          PC14          PC15
X5m_mean_00s_bio1   0.104169172 -0.0597375315 -5.488503e-05
X5m_mean_00s_bio10 -0.091303519 -0.2644605569 -4.217230e-04
X5m_mean_00s_bio11 -0.041736955  0.4825965722  4.202893e-04
X5m_mean_00s_bio12 -0.418853297 -0.0217641649 -1.063433e-04
X5m_mean_00s_bio13 -0.267019975  0.0756852299 -2.770632e-05
X5m_mean_00s_bio14 -0.380926131  0.0679788582 -3.141815e-05
X5m_mean_00s_bio15 -0.065271506 -0.2516956157 -1.121726e-04
X5m_mean_00s_bio16  0.601684000  0.4708691712  3.486927e-04
X5m_mean_00s_bio17  0.467910861 -0.5723627213 -1.466862e-04
X5m_mean_00s_bio2  -0.009708760  0.0023060497  2.572822e-05
X5m_mean_00s_bio3   0.007534725 -0.0040072455 -1.955819e-05
X5m_mean_00s_bio4   0.024605779  0.2636416686  3.174285e-04
X5m_mean_00s_bio5   0.031913894  0.0215715369 -3.926076e-01
X5m_mean_00s_bio6   0.014886896  0.0104009844  7.269077e-01
X5m_mean_00s_bio7   0.002614626  0.0004129466  5.634393e-01


PCA summary
                             PC1       PC2       PC3        PC4        PC5        PC6          PC7
Standard deviation     3.2727357 1.7174311 0.8662981 0.52069587 0.50933222 0.20916082 0.0788822410
Proportion of Variance 0.7140533 0.1966380 0.0500315 0.01807495 0.01729462 0.00291655 0.0004148272
Cumulative Proportion  0.7140533 0.9106912 0.9607227 0.97879767 0.99609230 0.99900885 0.9994236723
                               PC8          PC9         PC10         PC11         PC12
Standard deviation     0.069508454 3.858494e-02 3.247818e-02 2.775014e-02 1.570450e-02
Proportion of Variance 0.000322095 9.925318e-05 7.032213e-05 5.133802e-05 1.644209e-05
Cumulative Proportion  0.999745767 9.998450e-01 9.999153e-01 9.999667e-01 9.999831e-01
                               PC13         PC14         PC15
Standard deviation     1.336552e-02 8.463243e-03 1.701759e-03
Proportion of Variance 1.190915e-05 4.775099e-06 1.930655e-07
Cumulative Proportion  9.999950e-01 9.999998e-01 1.000000e+00
